188		192		1
192		196		2
196		198		3
198		199		4
199		202		5
202		208		6
208		225		7
225		231		8
231		219		8
219		226		9
226		232		10
232		265		11
265		267		12
267		268		13
268		287		14
287		288		15
288		296		16
296		297		17
297		303		18
303		321		19
321		325		20
325		327		21
327		332		22
332		334		23
334		343		24
343		348		25
348		351		26
351		354		27
354		355		28
355		357		29
357		358		30
358		359		31
359		361		32
361		389		33
389		397		34
397		395		34
395		367		34
367		368		35
368		370		36
370		372		37
372		356		37
356		366		38
366		370		39
370		373		40
373		376		41
376		390		42
390		389		42
389		391		43
391		402		44
402		413		45
413		419		46
419		426		47
426		427		48
427		450		49
450		452		50
452		456		51
456		457		52
457		463		53
463		462		53
462		457		53
457		463		54
463		450		54
450		452		55
452		456		56
456		455		56
455		464		57
464		460		57
460		461		58
461		476		59
476		477		60
477		486		61
486		492		62
492		495		63
495		512		64
512		513		65
513		534		66
534		535		67
535		545		68
545		549		69
549		555		70
555		559		71
559		564		72
564		539		72
539		548		73
548		555		74
555		556		75
556		558		76
558		560		77
560		567		78
567		566		78
566		565		78
565		566		79
566		567		80
567		569		81
569		572		82
572		581		83
581		582		84
582		583		85
583		575		85
575		591		86
591		602		87
602		606		88
606		607		89
607		608		90
608		610		91
610		614		92
614		616		93
616		620		94
620		630		95
630		635		96
635		634		96
634		633		96
633		665		97
665		666		98
666		680		99
680		685		100
685		678		100
678		694		101
694		697		102
697		698		103
698		702		104
702		704		105
704		705		106
705		711		107
711		721		108
721		719		108
719		720		109
720		731		110
731		730		110
730		731		111
731		733		112
733		742		113
742		747		114
747		767		115
767		764		115
764		761		115
761		763		116
763		757		116
757		763		117
763		766		118
766		767		119
767		773		120
773		790		121
790		791		122
791		793		123
793		780		123
780		788		124
788		808		125
808		837		126
837		842		127
842		853		128
853		855		129
855		857		130
857		858		131
858		859		132
859		861		133
861		870		134
870		872		135
872		875		136
875		868		136
868		870		137
870		866		137
866		867		138
867		872		139
872		873		140
873		869		140
869		846		140
846		865		141
865		868		142
868		869		143
869		870		144
870		872		145
872		875		146
875		878		147
878		881		148
881		888		149
888		903		150
903		907		151
907		908		152
908		914		153
914		918		154
918		919		155
919		922		156
922		918		156
918		921		157
921		918		157
918		924		158
924		927		159
927		921		159
921		927		160
927		928		161
928		929		162
929		930		163
930		936		164
936		945		165
945		954		166
954		980		167
980		982		168
982		993		169
993		994		170
994		1008		171
1008		1010		172
1010		1014		173
1014		1016		174
1016		1017		175
1017		1022		176
1022		1020		176
1020		1023		177
1023		1025		178
1025		1021		178
1021		1019		178
1019		1027		179
1027		1028		180
1028		1031		181
1031		1013		181
1013		1014		182
1014		1023		183
1023		1024		184
1024		1027		185
1027		1028		186
1028		1042		187
1042		1051		188
1051		1030		188
1030		1035		189
1035		1038		190
1038		1020		190
1020		1024		191
1024		1019		191
1019		983		191
983		988		192
988		1002		193
1002		1003		194
1003		1004		195
1004		1001		195
1001		1009		196
1009		1016		197
1016		1017		198
1017		1024		199
1024		1025		200
1025		1034		201
1034		1054		202
1054		1057		203
1057		1063		204
1063		1064		205
1064		1066		206
1066		1087		207
1087		1088		208
1088		1091		209
1091		1094		210
1094		1095		211
1095		1096		212
1096		1105		213
1105		1122		214
1122		1124		215
1124		1125		216
1125		1123		216
1123		1140		217
1140		1130		217
1130		1131		218
1131		1138		219
1138		1141		220
1141		1143		221
1143		1159		222
1159		1163		223
1163		1164		224
1164		1193		225
1193		1218		226
1218		1220		227
1220		1201		227
1201		1200		227
1200		1217		228
1217		1218		229
1218		1231		230
1231		1230		230
1230		1233		231
1233		1241		232
1241		1243		233
1243		1245		234
1245		1260		235
1260		1262		236
1262		1260		236
1260		1286		237
1286		1297		238
1297		1298		239
1298		1307		240
1307		1313		241
1313		1314		242
1314		1313		242
1313		1323		243
1323		1324		244
1324		1332		245
1332		1333		246
1333		1339		247
1339		1357		248
1357		1389		249
1389		1390		250
1390		1394		251
1394		1396		252
1396		1399		253
1399		1392		253
1392		1393		254
1393		1394		255
1394		1407		256
1407		1408		257
1408		1410		258
1410		1422		259
1422		1423		260
1423		1424		261
1424		1434		262
1434		1435		263
1435		1442		264
1442		1462		265
1462		1466		266
1466		1467		267
1467		1469		268
1469		1470		269
1470		1471		270
1471		1485		271
1485		1473		271
1473		1474		272
1474		1476		273
1476		1486		274
1486		1491		275
1491		1496		276
1496		1508		277
1508		1538		278
1538		1547		279
1547		1554		280
1554		1563		281
1563		1574		282
1574		1588		283
1588		1594		284
1594		1591		284
1591		1594		285
1594		1602		286
1602		1606		287
1606		1619		288
1619		1625		289
1625		1626		290
1626		1636		291
1636		1638		292
1638		1641		293
1641		1640		293
1640		1646		294
1646		1642		294
1642		1655		295
1655		1656		296
1656		1650		296
1650		1651		297
1651		1657		298
1657		1659		299
1659		1657		299
1657		1660		300
1660		1675		301
1675		1652		301
1652		1638		301
1638		1641		302
1641		1644		303
1644		1645		304
1645		1647		305
1647		1651		306
1651		1653		307
1653		1660		308
1660		1662		309
1662		1667		310
1667		1668		311
1668		1667		311
1667		1668		312
1668		1669		313
1669		1673		314
1673		1697		315
1697		1701		316
1701		1721		317
1721		1726		318
1726		1727		319
1727		1723		319
1723		1725		320
1725		1732		321
1732		1734		322
1734		1733		322
1733		1736		323
1736		1757		324
1757		1761		325
1761		1772		326
1772		1771		326
1771		1789		327
1789		1790		328
1790		1794		329
1794		1804		330
1804		1806		331
1806		1807		332
1807		1811		333
1811		1822		334
1822		1812		334
1812		1810		334
1810		1812		335
1812		1814		336
1814		1791		336
1791		1789		336
1789		1781		336
1781		1776		336
1776		1781		337
1781		1798		338
1798		1802		339
1802		1817		340
1817		1820		341
1820		1809		341
1809		1807		341
1807		1820		342
1820		1825		343
1825		1823		343
1823		1835		344
1835		1834		344
1834		1835		345
1835		1839		346
1839		1843		347
1843		1844		348
1844		1824		348
1824		1839		349
1839		1844		350
1844		1851		351
1851		1853		352
1853		1887		353
1887		1895		354
1895		1899		355
1899		1904		356
1904		1903		356
1903		1901		356
1901		1896		356
1896		1903		357
1903		1904		358
1904		1909		359
1909		1910		360
1910		1915		361
1915		1920		362
1920		1932		363
1932		1942		364
1942		1944		365
1944		1926		365
1926		1951		366
1951		1961		367
1961		1962		368
1962		1972		369
1972		1975		370
1975		1977		371
1977		1984		372
1984		1987		373
1987		1993		374
1993		2001		375
2001		2003		376
2003		2006		377
2006		2013		378
2013		2034		379
2034		2046		380
2046		2050		381
2050		2058		382
2058		2063		383
2063		2060		383
2060		2044		383
2044		2050		384
2050		2051		385
2051		2045		385
2045		2049		386
2049		2078		387
2078		2060		387
2060		2063		388
2063		2064		389
2064		2065		390
2065		2081		391
2081		2082		392
2082		2092		393
2092		2098		394
2098		2099		395
2099		2107		396
2107		2108		397
2108		2134		398
2134		2135		399
2135		2157		400
2157		2159		401
2159		2158		401
2158		2168		402
2168		2167		402
2167		2173		403
2173		2179		404
2179		2204		405
2204		2208		406
2208		2218		407
2218		2221		408
2221		2238		409
2238		2234		409
2234		2235		410
2235		2236		411
2236		2239		412
2239		2243		413
2243		2247		414
2247		2248		415
2248		2249		416
2249		2264		417
2264		2265		418
2265		2266		419
2266		2261		419
2261		2262		420
2262		2248		420
2248		2256		421
2256		2258		422
2258		2270		423
2270		2280		424
2280		2284		425
2284		2292		426
2292		2293		427
2293		2298		428
2298		2299		429
2299		2309		430
2309		2332		431
2332		2340		432
2340		2341		433
2341		2342		434
2342		2343		435
2343		2350		436
2350		2353		437
2353		2358		438
2358		2359		439
2359		2363		440
2363		2365		441
2365		2357		441
2357		2359		442
2359		2363		443
2363		2370		444
2370		2375		445
2375		2374		445
2374		2390		446
2390		2384		446
2384		2402		447
2402		2405		448
2405		2409		449
2409		2412		450
2412		2422		451
2422		2428		452
2428		2429		453
2429		2432		454
2432		2417		454
2417		2410		454
2410		2401		454
2401		2418		455
2418		2419		456
2419		2420		457
2420		2421		458
2421		2417		458
2417		2418		459
2418		2422		460
2422		2424		461
2424		2436		462
2436		2462		463
2462		2471		464
2471		2480		465
2480		2478		465
2478		2481		466
2481		2505		467
2505		2510		468
2510		2518		469
2518		2545		470
2545		2546		471
2546		2549		472
2549		2564		473
2564		2569		474
2569		2577		475
2577		2609		476
2609		2605		476
2605		2604		476
2604		2614		477
2614		2596		477
2596		2613		478
2613		2629		479
2629		2631		480
2631		2632		481
2632		2635		482
2635		2634		482
2634		2663		483
2663		2664		484
2664		2678		485
2678		2712		486
2712		2689		486
2689		2688		486
2688		2697		487
2697		2706		488
2706		2708		489
2708		2714		490
2714		2715		491
2715		2718		492
2718		2739		493
2739		2743		494
2743		2745		495
2745		2754		496
2754		2752		496
2752		2754		497
2754		2794		498
2794		2796		499
2796		2797		500
2797		2798		501
2798		2801		502
2801		2804		503
2804		2807		504
2807		2819		505
2819		2838		506
2838		2839		507
2839		2840		508
2840		2841		509
2841		2842		510
2842		2843		511
2843		2848		512
2848		2853		513
2853		2883		514
2883		2889		515
2889		2905		516
2905		2906		517
2906		2912		518
2912		2935		519
2935		2925		519
2925		2924		519
2924		2957		520
2957		2958		521
2958		2980		522
2980		2972		522
2972		2973		523
2973		2959		523
2959		2964		524
2964		2965		525
2965		2976		526
2976		2977		527
2977		2978		528
2978		2981		529
2981		3000		530
3000		3002		531
3002		3009		532
3009		2996		532
2996		3000		533
3000		2999		533
2999		3001		534
3001		3002		535
3002		3008		536
3008		3009		537
3009		3011		538
3011		3014		539
3014		3015		540
3015		3019		541
3019		3037		542
3037		3046		543
3046		3048		544
3048		3049		545
3049		3050		546
3050		3049		546
3049		3050		547
3050		3060		548
3060		3056		548
3056		3053		548
3053		3065		549
3065		3067		550
3067		3068		551
3068		3067		551
3067		3073		552
3073		3075		553
3075		3076		554
3076		3079		555
3079		3086		556
3086		3072		556
3072		3076		557
3076		3079		558
3079		3103		559
3103		3104		560
3104		3117		561
3117		3120		562
3120		3111		562
3111		3127		563
3127		3128		564
3128		3130		565
3130		3129		565
3129		3134		566
3134		3137		567
3137		3138		568
3138		3140		569
3140		3143		570
3143		3159		571
3159		3162		572
3162		3188		573
3188		3201		574
3201		3204		575
3204		3206		576
3206		3216		577
3216		3217		578
3217		3196		578
3196		3208		579
3208		3210		580
3210		3215		581
3215		3216		582
3216		3220		583
3220		3236		584
3236		3237		585
3237		3227		585
3227		3231		586
3231		3249		587
3249		3251		588
3251		3255		589
3255		3258		590
3258		3261		591
3261		3262		592
3262		3271		593
3271		3274		594
3274		3270		594
3270		3272		595
3272		3281		596
3281		3282		597
3282		3303		598
3303		3300		598
3300		3317		599
3317		3323		600
3323		3358		601
3358		3359		602
3359		3360		603
3360		3361		604
3361		3364		605
3364		3366		606
3366		3370		607
3370		3376		608
3376		3377		609
3377		3379		610
3379		3380		611
3380		3384		612
3384		3385		613
3385		3394		614
3394		3401		615
3401		3391		615
3391		3392		616
3392		3425		617
3425		3414		617
3414		3423		618
3423		3428		619
3428		3448		620
3448		3454		621
3454		3464		622
3464		3465		623
3465		3466		624
3466		3469		625
3469		3474		626
3474		3476		627
3476		3478		628
3478		3488		629
3488		3482		629
3482		3483		630
3483		3484		631
3484		3486		632
3486		3485		632
3485		3498		633
3498		3504		634
3504		3505		635
3505		3506		636
3506		3514		637
3514		3520		638
3520		3523		639
3523		3529		640
3529		3534		641
3534		3535		642
3535		3537		643
3537		3538		644
3538		3545		645
3545		3513		645
3513		3515		646
3515		3522		647
3522		3527		648
3527		3528		649
3528		3537		650
3537		3541		651
3541		3542		652
3542		3543		653
3543		3548		654
3548		3535		654
3535		3537		655
3537		3553		656
3553		3590		657
3590		3588		657
3588		3596		658
3596		3591		658
3591		3598		659
3598		3602		660
3602		3606		661
3606		3607		662
3607		3608		663
3608		3614		664
3614		3612		664
3612		3616		665
3616		3618		666
3618		3623		667
3623		3624		668
3624		3644		669
3644		3645		670
3645		3650		671
3650		3651		672
3651		3652		673
3652		3654		674
3654		3656		675
3656		3660		676
3660		3678		677
3678		3680		678
3680		3684		679
3684		3685		680
3685		3703		681
3703		3709		682
3709		3710		683
3710		3717		684
3717		3754		685
3754		3755		686
3755		3756		687
3756		3727		687
3727		3755		688
3755		3761		689
3761		3759		689
3759		3765		690
3765		3774		691
3774		3775		692
3775		3779		693
3779		3786		694
3786		3788		695
3788		3800		696
3800		3801		697
3801		3802		698
3802		3813		699
3813		3841		700
3841		3847		701
3847		3856		702
3856		3859		703
3859		3866		704
3866		3872		705
3872		3869		705
3869		3870		706
3870		3890		707
3890		3905		708
3905		3906		709
3906		3907		710
3907		3908		711
3908		3920		712
3920		3921		713
3921		3928		714
3928		3939		715
3939		3956		716
3956		3967		717
3967		3968		718
3968		3974		719
3974		3989		720
3989		3995		721
3995		3996		722
3996		4000		723
4000		4007		724
4007		4015		725
4015		4022		726
4022		4019		726
4019		4029		727
4029		4030		728
4030		4031		729
4031		4040		730
4040		4043		731
4043		4044		732
4044		4045		733
4045		4054		734
4054		4056		735
4056		4075		736
4075		4084		737
4084		4085		738
4085		4086		739
4086		4088		740
4088		4086		740
4086		4093		741
4093		4101		742
4101		4111		743
4111		4110		743
4110		4111		744
4111		4102		744
4102		4103		745
4103		4101		745
4101		4102		746
4102		4103		747
4103		4110		748
4110		4111		749
4111		4121		750
4121		4122		751
4122		4142		752
4142		4143		753
4143		4142		753
4142		4152		754
4152		4155		755
4155		4157		756
4157		4132		756
4132		4137		757
4137		4141		758
4141		4136		758
4136		4138		759
4138		4141		760
4141		4143		761
4143		4167		762
4167		4169		763
4169		4170		764
4170		4171		765
4171		4179		766
4179		4180		767
4180		4191		768
4191		4194		769
4194		4193		769
4193		4181		769
4181		4180		769
4180		4181		770
4181		4185		771
4185		4191		772
4191		4192		773
4192		4194		774
4194		4196		775
4196		4200		776
4200		4204		777
4204		4208		778
4208		4219		779
4219		4223		780
4223		4216		780
4216		4219		781
4219		4222		782
4222		4228		783
4228		4218		783
4218		4224		784
4224		4226		785
4226		4248		786
4248		4246		786
4246		4249		787
4249		4238		787
4238		4237		787
4237		4247		788
4247		4263		789
4263		4264		790
4264		4268		791
4268		4271		792
4271		4277		793
4277		4282		794
4282		4283		795
4283		4290		796
4290		4291		797
4291		4292		798
4292		4300		799
4300		4299		799
4299		4300		800
4300		4301		801
4301		4302		802
4302		4304		803
4304		4305		804
4305		4306		805
4306		4310		806
4310		4325		807
4325		4327		808
4327		4325		808
4325		4338		809
4338		4341		810
4341		4343		811
4343		4342		811
4342		4343		812
4343		4345		813
4345		4346		814
4346		4348		815
4348		4362		816
4362		4364		817
4364		4365		818
4365		4362		818
4362		4370		819
4370		4374		820
4374		4377		821
4377		4379		822
4379		4385		823
4385		4389		824
4389		4407		825
4407		4418		826
4418		4422		827
4422		4426		828
4426		4429		829
4429		4428		829
4428		4450		830
4450		4452		831
4452		4445		831
4445		4446		832
4446		4454		833
4454		4458		834
4458		4476		835
4476		4479		836
4479		4486		837
4486		4500		838
4500		4498		838
4498		4499		839
4499		4498		839
4498		4505		840
4505		4508		841
4508		4509		842
4509		4518		843
4518		4520		844
4520		4523		845
4523		4522		845
4522		4530		846
4530		4544		847
4544		4545		848
4545		4568		849
4568		4572		850
4572		4565		850
4565		4582		851
4582		4585		852
4585		4586		853
4586		4601		854
4601		4587		854
4587		4596		855
4596		4612		856
4612		4628		857
4628		4629		858
4629		4633		859
4633		4634		860
4634		4635		861
4635		4640		862
4640		4642		863
4642		4641		863
4641		4637		863
4637		4638		864
4638		4641		865
4641		4637		865
4637		4640		866
4640		4641		867
4641		4653		868
4653		4658		869
4658		4635		869
4635		4644		870
4644		4653		871
4653		4654		872
4654		4655		873
4655		4681		874
4681		4682		875
4682		4681		875
4681		4696		876
4696		4689		876
4689		4691		877
4691		4697		878
4697		4698		879
4698		4708		880
4708		4711		881
4711		4713		882
4713		4714		883
4714		4725		884
4725		4728		885
4728		4731		886
4731		4723		886
4723		4725		887
4725		4715		887
4715		4724		888
4724		4759		889
4759		4762		890
4762		4763		891
4763		4764		892
4764		4774		893
4774		4777		894
4777		4779		895
4779		4780		896
4780		4788		897
4788		4787		897
4787		4807		898
4807		4828		899
4828		4829		900
4829		4830		901
4830		4832		902
4832		4833		903
4833		4836		904
4836		4830		904
4830		4846		905
4846		4827		905
4827		4828		906
4828		4831		907
4831		4832		908
4832		4837		909
4837		4839		910
4839		4842		911
4842		4844		912
4844		4845		913
4845		4857		914
4857		4835		914
4835		4839		915
4839		4840		916
4840		4843		917
4843		4841		917
4841		4855		918
4855		4856		919
4856		4882		920
4882		4891		921
4891		4897		922
4897		4890		922
4890		4904		923
4904		4912		924
4912		4931		925
4931		4932		926
4932		4933		927
4933		4946		928
4946		4952		929
4952		4953		930
4953		4970		931
4970		4974		932
4974		4975		933
4975		4969		933
4969		4971		934
4971		4972		935
4972		4971		935
4971		4972		936
4972		4968		936
4968		4983		937
4983		4999		938
4999		5001		939
5001		5010		940
5010		5012		941
5012		5027		942
5027		5025		942
5025		5033		943
5033		5036		944
5036		5051		945
5051		5032		945
5032		5023		945
5023		5024		946
5024		5029		947
5029		5043		948
5043		5045		949
5045		5049		950
5049		5055		951
5055		5071		952
5071		5070		952
5070		5072		953
5072		5084		954
5084		5085		955
5085		5086		956
5086		5092		957
5092		5100		958
5100		5099		958
5099		5101		959
5101		5113		960
5113		5120		961
5120		5111		961
5111		5139		962
5139		5146		963
5146		5152		964
5152		5149		964
5149		5151		965
5151		5128		965
5128		5145		966
5145		5132		966
5132		5153		967
5153		5181		968
5181		5193		969
5193		5197		970
5197		5203		971
5203		5236		972
5236		5237		973
5237		5235		973
5235		5240		974
5240		5241		975
5241		5275		976
5275		5270		976
5270		5271		977
5271		5287		978
5287		5309		979
5309		5313		980
5313		5316		981
5316		5317		982
5317		5318		983
5318		5319		984
5319		5322		985
5322		5323		986
5323		5319		986
5319		5322		987
5322		5323		988
5323		5326		989
5326		5331		990
5331		5323		990
5323		5331		991
5331		5326		991
5326		5328		992
5328		5329		993
5329		5330		994
5330		5331		995
5331		5333		996
5333		5334		997
5334		5335		998
5335		5329		998
5329		5330		999
5330		5332		1000
5332		5333		1001
5333		5334		1002
5334		5337		1003
5337		5338		1004
5338		5337		1004
5337		5338		1005
5338		5341		1006
5341		5340		1006
5340		5338		1006
5338		5339		1007
5339		5346		1008
5346		5347		1009
5347		5348		1010
5348		5334		1010
5334		5330		1010
5330		5331		1011
5331		5334		1012
5334		5342		1013
5342		5373		1014
5373		5374		1015
5374		5366		1015
5366		5367		1016
5367		5377		1017
5377		5381		1018
5381		5387		1019
5387		5414		1020
5414		5390		1020
5390		5394		1021
5394		5395		1022
5395		5378		1022
5378		5382		1023
5382		5385		1024
5385		5378		1024
5378		5387		1025
5387		5386		1025
5386		5387		1026
5387		5388		1027
5388		5389		1028
5389		5373		1028
5373		5374		1029
5374		5377		1030
5377		5386		1031
5386		5408		1032
5408		5411		1033
5411		5412		1034
5412		5414		1035
5414		5408		1035
5408		5426		1036
5426		5425		1036
5425		5458		1037
5458		5478		1038
5478		5479		1039
5479		5481		1040
5481		5482		1041
5482		5492		1042
5492		5496		1043
5496		5497		1044
5497		5502		1045
5502		5480		1045
5480		5481		1046
5481		5488		1047
5488		5503		1048
5503		5504		1049
5504		5470		1049
5470		5475		1050
5475		5476		1051
5476		5479		1052
5479		5480		1053
5480		5487		1054
5487		5491		1055
5491		5492		1056
5492		5491		1056
5491		5494		1057
5494		5496		1058
5496		5497		1059
5497		5495		1059
5495		5506		1060
5506		5508		1061
5508		5510		1062
5510		5509		1062
5509		5507		1062
5507		5515		1063
5515		5509		1063
5509		5510		1064
5510		5512		1065
5512		5528		1066
5528		5522		1066
5522		5530		1067
5530		5531		1068
5531		5544		1069
5544		5547		1070
5547		5548		1071
5548		5563		1072
5563		5571		1073
5571		5595		1074
5595		5597		1075
5597		5613		1076
5613		5634		1077
5634		5639		1078
5639		5648		1079
5648		5653		1080
5653		5656		1081
5656		5663		1082
5663		5675		1083
5675		5676		1084
5676		5671		1084
5671		5678		1085
5678		5681		1086
5681		5690		1087
5690		5711		1088
5711		5714		1089
5714		5721		1090
5721		5732		1091
5732		5737		1092
5737		5738		1093
5738		5760		1094
5760		5759		1094
5759		5769		1095
5769		5770		1096
5770		5771		1097
5771		5781		1098
5781		5783		1099
5783		5786		1100
5786		5784		1100
5784		5785		1101
5785		5787		1102
5787		5800		1103
5800		5802		1104
5802		5799		1104
5799		5800		1105
5800		5803		1106
5803		5808		1107
5808		5842		1108
5842		5838		1108
5838		5843		1109
5843		5844		1110
5844		5846		1111
5846		5855		1112
5855		5862		1113
5862		5865		1114
5865		5881		1115
5881		5904		1116
5904		5909		1117
5909		5910		1118
5910		5911		1119
5911		5914		1120
5914		5915		1121
5915		5920		1122
5920		5930		1123
5930		5956		1124
5956		5973		1125
5973		5981		1126
5981		5991		1127
5991		5993		1128
5993		6002		1129
6002		6024		1130
6024		6028		1131
6028		6031		1132
6031		6037		1133
6037		6031		1133
6031		6032		1134
6032		6035		1135
6035		6038		1136
6038		6065		1137
6065		6074		1138
6074		6076		1139
6076		6078		1140
6078		6079		1141
6079		6084		1142
6084		6086		1143
6086		6087		1144
6087		6076		1144
6076		6080		1145
6080		6068		1145
6068		6070		1146
6070		6081		1147
6081		6086		1148
6086		6097		1149
6097		6119		1150
6119		6125		1151
6125		6127		1152
6127		6125		1152
6125		6117		1152
6117		6124		1153
6124		6121		1153
6121		6124		1154
6124		6127		1155
6127		6134		1156
6134		6129		1156
6129		6131		1157
6131		6145		1158
6145		6147		1159
6147		6143		1159
6143		6144		1160
6144		6151		1161
6151		6150		1161
6150		6155		1162
6155		6156		1163
6156		6158		1164
6158		6159		1165
6159		6160		1166
6160		6172		1167
6172		6190		1168
6190		6191		1169
6191		6193		1170
6193		6192		1170
6192		6208		1171
6208		6225		1172
6225		6228		1173
6228		6234		1174
6234		6235		1175
6235		6236		1176
6236		6237		1177
6237		6242		1178
6242		6247		1179
6247		6248		1180
6248		6250		1181
6250		6241		1181
6241		6255		1182
6255		6257		1183
6257		6260		1184
6260		6261		1185
6261		6264		1186
6264		6263		1186
6263		6286		1187
6286		6265		1187
6265		6290		1188
6290		6295		1189
6295		6297		1190
6297		6322		1191
6322		6344		1192
6344		6359		1193
6359		6362		1194
6362		6371		1195
6371		6385		1196
6385		6388		1197
6388		6394		1198
6394		6395		1199
6395		6413		1200
6413		6425		1201
6425		6422		1201
6422		6423		1202
6423		6448		1203
6448		6450		1204
6450		6441		1204
6441		6444		1205
6444		6443		1205
6443		6446		1206
6446		6450		1207
6450		6468		1208
6468		6470		1209
6470		6473		1210
6473		6474		1211
6474		6480		1212
6480		6473		1212
6473		6474		1213
6474		6485		1214
6485		6484		1214
6484		6486		1215
6486		6498		1216
6498		6506		1217
6506		6518		1218
6518		6517		1218
6517		6535		1219
6535		6533		1219
6533		6559		1220
6559		6564		1221
6564		6565		1222
6565		6544		1222
6544		6554		1223
6554		6566		1224
6566		6567		1225
6567		6561		1225
6561		6574		1226
6574		6575		1227
6575		6609		1228
6609		6610		1229
6610		6633		1230
6633		6635		1231
6635		6639		1232
6639		6643		1233
6643		6645		1234
6645		6648		1235
6648		6652		1236
6652		6649		1236
6649		6615		1236
6615		6620		1237
6620		6633		1238
6633		6640		1239
6640		6641		1240
6641		6642		1241
6642		6645		1242
6645		6644		1242
6644		6648		1243
6648		6654		1244
6654		6656		1245
6656		6654		1245
6654		6664		1246
6664		6665		1247
6665		6668		1248
6668		6687		1249
6687		6692		1250
6692		6712		1251
6712		6713		1252
6713		6721		1253
6721		6710		1253
6710		6707		1253
6707		6706		1253
6706		6714		1254
6714		6718		1255
6718		6731		1256
6731		6742		1257
6742		6748		1258
6748		6749		1259
6749		6759		1260
6759		6726		1260
6726		6733		1261
6733		6736		1262
6736		6748		1263
6748		6749		1264
6749		6746		1264
6746		6743		1264
6743		6749		1265
6749		6752		1266
6752		6781		1267
6781		6777		1267
6777		6764		1267
6764		6763		1267
6763		6778		1268
6778		6781		1269
6781		6782		1270
6782		6807		1271
6807		6829		1272
6829		6831		1273
6831		6842		1274
6842		6850		1275
6850		6866		1276
6866		6867		1277
6867		6884		1278
6884		6891		1279
6891		6881		1279
6881		6883		1280
6883		6892		1281
6892		6905		1282
6905		6867		1282
6867		6859		1282
6859		6862		1283
6862		6863		1284
6863		6847		1284
6847		6848		1285
6848		6844		1285
6844		6845		1286
6845		6874		1287
6874		6894		1288
6894		6901		1289
6901		6894		1289
6894		6911		1290
6911		6935		1291
6935		6941		1292
6941		6948		1293
6948		6956		1294
6956		6955		1294
6955		6964		1295
6964		6969		1296
6969		6968		1296
6968		6969		1297
6969		6972		1298
6972		6974		1299
6974		6975		1300
6975		6983		1301
6983		6989		1302
6989		7009		1303
7009		7014		1304
7014		7016		1305
7016		7028		1306
7028		7024		1306
7024		7028		1307
7028		7029		1308
7029		7024		1308
7024		7042		1309
7042		7055		1310
7055		7059		1311
7059		7092		1312
7092		7095		1313
7095		7100		1314
7100		7109		1315
7109		7112		1316
7112		7110		1316
7110		7111		1317
7111		7110		1317
7110		7128		1318
7128		7129		1319
7129		7131		1320
7131		7133		1321
7133		7135		1322
7135		7163		1323
7163		7165		1324
7165		7175		1325
7175		7176		1326
7176		7177		1327
7177		7178		1328
7178		7188		1329
7188		7199		1330
7199		7181		1330
7181		7195		1331
7195		7200		1332
7200		7201		1333
7201		7203		1334
7203		7212		1335
7212		7224		1336
7224		7225		1337
7225		7234		1338
7234		7251		1339
7251		7252		1340
7252		7245		1340
7245		7246		1341
7246		7254		1342
7254		7256		1343
7256		7251		1343
7251		7252		1344
7252		7253		1345
7253		7254		1346
7254		7257		1347
7257		7256		1347
7256		7246		1347
7246		7245		1347
7245		7248		1348
7248		7261		1349
7261		7247		1349
7247		7246		1349
7246		7247		1350
7247		7254		1351
7254		7248		1351
7248		7256		1352
7256		7258		1353
7258		7259		1354
7259		7260		1355
7260		7261		1356
7261		7262		1357
7262		7277		1358
7277		7297		1359
7297		7300		1360
7300		7299		1360
7299		7301		1361
7301		7306		1362
7306		7314		1363
7314		7309		1363
7309		7313		1364
7313		7316		1365
7316		7318		1366
7318		7328		1367
7328		7329		1368
7329		7335		1369
7335		7323		1369
7323		7324		1370
7324		7331		1371
7331		7333		1372
7333		7334		1373
7334		7348		1374
7348		7330		1374
7330		7334		1375
7334		7335		1376
7335		7346		1377
7346		7348		1378
7348		7351		1379
7351		7356		1380
7356		7352		1380
7352		7356		1381
7356		7364		1382
7364		7372		1383
7372		7377		1384
7377		7378		1385
7378		7380		1386
7380		7387		1387
7387		7390		1388
7390		7388		1388
7388		7401		1389
7401		7403		1390
7403		7408		1391
7408		7427		1392
7427		7425		1392
7425		7429		1393
7429		7433		1394
7433		7457		1395
7457		7463		1396
7463		7474		1397
7474		7492		1398
7492		7493		1399
7493		7496		1400
7496		7495		1400
7495		7496		1401
7496		7502		1402
7502		7524		1403
7524		7532		1404
7532		7529		1404
7529		7535		1405
7535		7536		1406
7536		7544		1407
7544		7548		1408
7548		7549		1409
7549		7571		1410
7571		7585		1411
7585		7586		1412
7586		7589		1413
7589		7590		1414
7590		7595		1415
7595		7610		1416
7610		7611		1417
7611		7616		1418
7616		7621		1419
7621		7624		1420
7624		7659		1421
7659		7662		1422
7662		7635		1422
7635		7653		1423
7653		7639		1423
7639		7642		1424
7642		7643		1425
7643		7645		1426
7645		7658		1427
7658		7656		1427
7656		7665		1428
7665		7669		1429
7669		7668		1429
7668		7658		1429
7658		7686		1430
7686		7668		1430
7668		7667		1430
7667		7672		1431
7672		7675		1432
7675		7699		1433
7699		7703		1434
7703		7699		1434
7699		7710		1435
7710		7712		1436
7712		7738		1437
7738		7760		1438
7760		7759		1438
7759		7760		1439
7760		7762		1440
7762		7763		1441
7763		7770		1442
7770		7789		1443
7789		7791		1444
7791		7782		1444
7782		7779		1444
7779		7782		1445
7782		7779		1445
7779		7802		1446
7802		7795		1446
7795		7791		1446
7791		7808		1447
7808		7809		1448
7809		7821		1449
7821		7822		1450
7822		7829		1451
7829		7830		1452
7830		7853		1453
7853		7859		1454
7859		7860		1455
7860		7861		1456
7861		7864		1457
7864		7868		1458
7868		7852		1458
7852		7864		1459
7864		7865		1460
7865		7866		1461
7866		7863		1461
7863		7866		1462
7866		7862		1462
7862		7853		1462
7853		7863		1463
7863		7862		1463
7862		7864		1464
7864		7866		1465
7866		7868		1466
7868		7872		1467
7872		7874		1468
7874		7875		1469
7875		7895		1470
7895		7894		1470
7894		7896		1471
7896		7887		1471
7887		7891		1472
7891		7890		1472
7890		7891		1473
7891		7888		1473
7888		7889		1474
7889		7904		1475
7904		7905		1476
7905		7901		1476
7901		7922		1477
7922		7912		1477
7912		7911		1477
7911		7912		1478
7912		7911		1478
7911		7914		1479
7914		7915		1480
7915		7918		1481
7918		7923		1482
7923		7933		1483
7933		7924		1483
7924		7927		1484
7927		7930		1485
7930		7946		1486
7946		7948		1487
7948		7964		1488
7964		7966		1489
7966		7968		1490
7968		7972		1491
7972		7969		1491
7969		7968		1491
7968		7960		1491
7960		7968		1492
7968		7974		1493
7974		7975		1494
7975		7974		1494
7974		7953		1494
7953		7950		1494
7950		7944		1494
7944		7949		1495
7949		7955		1496
7955		7953		1496
7953		7954		1497
7954		7956		1498
7956		7959		1499
7959		7961		1500
7961		7962		1501
7962		7964		1502
7964		7968		1503
7968		7969		1504
7969		7985		1505
7985		7991		1506
7991		8006		1507
8006		8007		1508
8007		8008		1509
8008		8009		1510
8009		8029		1511
8029		8005		1511
8005		8006		1512
8006		8008		1513
8008		8015		1514
8015		8019		1515
8019		8012		1515
8012		8020		1516
8020		8021		1517
8021		8022		1518
8022		8028		1519
8028		8038		1520
8038		8037		1520
8037		8055		1521
8055		8065		1522
8065		8067		1523
8067		8061		1523
8061		8088		1524
8088		8095		1525
8095		8099		1526
8099		8100		1527
8100		8102		1528
8102		8105		1529
8105		8092		1529
8092		8093		1530
8093		8097		1531
8097		8102		1532
8102		8111		1533
8111		8112		1534
8112		8130		1535
8130		8141		1536
8141		8137		1536
8137		8140		1537
8140		8156		1538
8156		8157		1539
8157		8165		1540
8165		8168		1541
8168		8175		1542
8175		8189		1543
8189		8202		1544
8202		8205		1545
8205		8203		1545
8203		8208		1546
8208		8211		1547
8211		8223		1548
8223		8228		1549
8228		8229		1550
8229		8226		1550
8226		8242		1551
8242		8245		1552
8245		8246		1553
8246		8254		1554
8254		8257		1555
8257		8258		1556
8258		8259		1557
8259		8264		1558
8264		8269		1559
8269		8270		1560
8270		8271		1561
8271		8272		1562
8272		8259		1562
8259		8264		1563
8264		8267		1564
8267		8284		1565
8284		8285		1566
8285		8297		1567
8297		8299		1568
8299		8300		1569
8300		8301		1570
8301		8305		1571
8305		8306		1572
8306		8307		1573
8307		8308		1574
8308		8310		1575
8310		8311		1576
8311		8308		1576
8308		8312		1577
8312		8297		1577
8297		8302		1578
8302		8300		1578
8300		8303		1579
8303		8304		1580
8304		8309		1581
8309		8307		1581
8307		8316		1582
8316		8317		1583
8317		8310		1583
8310		8312		1584
8312		8317		1585
8317		8319		1586
8319		8327		1587
8327		8329		1588
8329		8340		1589
8340		8329		1589
8329		8339		1590
8339		8338		1590
8338		8339		1591
8339		8345		1592
8345		8335		1592
8335		8332		1592
8332		8348		1593
8348		8349		1594
8349		8350		1595
8350		8349		1595
8349		8351		1596
8351		8364		1597
8364		8365		1598
8365		8368		1599
8368		8371		1600
8371		8372		1601
8372		8384		1602
8384		8386		1603
8386		8383		1603
8383		8397		1604
8397		8428		1605
8428		8433		1606
8433		8449		1607
8449		8469		1608
8469		8472		1609
8472		8483		1610
8483		8491		1611
8491		8481		1611
8481		8483		1612
8483		8482		1612
8482		8483		1613
8483		8484		1614
8484		8486		1615
8486		8487		1616
8487		8497		1617
8497		8498		1618
8498		8499		1619
8499		8501		1620
8501		8509		1621
8509		8514		1622
8514		8517		1623
8517		8516		1623
8516		8518		1624
8518		8526		1625
8526		8528		1626
8528		8505		1626
8505		8509		1627
8509		8523		1628
8523		8524		1629
8524		8525		1630
8525		8526		1631
8526		8531		1632
8531		8518		1632
8518		8517		1632
8517		8520		1633
8520		8521		1634
8521		8542		1635
8542		8514		1635
8514		8517		1636
8517		8518		1637
8518		8528		1638
8528		8559		1639
8559		8562		1640
8562		8592		1641
8592		8617		1642
8617		8622		1643
8622		8632		1644
8632		8639		1645
8639		8640		1646
8640		8659		1647
8659		8660		1648
8660		8655		1648
8655		8665		1649
8665		8666		1650
8666		8661		1650
8661		8679		1651
8679		8687		1652
8687		8688		1653
8688		8676		1653
8676		8704		1654
8704		8711		1655
8711		8710		1655
