576		586		1
586		593		2
593		599		3
599		609		4
609		635		5
635		664		6
664		675		7
675		676		8
676		677		9
677		723		10
723		764		11
764		800		12
800		822		13
822		843		14
843		871		15
871		881		16
881		896		17
896		921		18
921		949		19
949		973		20
973		984		21
984		993		22
993		1009		23
1009		1025		24
1025		1042		25
1042		1053		26
1053		1060		27
1060		1066		28
1066		1070		29
1070		1074		30
1074		1078		31
1078		1109		32
1109		1147		33
1147		1181		34
1181		1159		34
1159		1130		34
1130		1105		34
1105		1110		35
1110		1098		35
1098		1094		35
1094		1092		35
1092		1109		36
1109		1119		37
1119		1139		38
1139		1155		39
1155		1170		40
1170		1182		41
1182		1206		42
1206		1234		43
1234		1258		44
1258		1272		45
1272		1303		46
1303		1329		47
1329		1358		48
1358		1365		49
1365		1376		50
1376		1382		51
1382		1382		51
1382		1382		51
1382		1370		51
1370		1365		51
1365		1358		51
1358		1363		52
1363		1375		53
1375		1379		54
1379		1385		55
1385		1397		56
1397		1414		57
1414		1439		58
1439		1455		59
1455		1473		60
1473		1499		61
1499		1520		62
1520		1559		63
1559		1582		64
1582		1614		65
1614		1629		66
1629		1649		67
1649		1663		68
1663		1678		69
1678		1662		69
1662		1651		69
1651		1642		69
1642		1659		70
1659		1669		71
1669		1674		72
1674		1685		73
1685		1693		74
1693		1698		75
1698		1697		75
1697		1698		76
1698		1702		77
1702		1708		78
1708		1722		79
1722		1735		80
1735		1746		81
1746		1740		81
1740		1749		82
1749		1768		83
1768		1799		84
1799		1815		85
1815		1821		86
1821		1825		87
1825		1832		88
1832		1840		89
1840		1850		90
1850		1866		91
1866		1885		92
1885		1899		93
1899		1902		94
1902		1932		95
1932		1964		96
1964		2011		97
2011		2031		98
2031		2043		99
2043		2057		100
2057		2069		101
2069		2089		102
2089		2097		103
2097		2104		104
2104		2111		105
2111		2120		106
2120		2137		107
2137		2151		108
2151		2160		109
2160		2170		110
2170		2181		111
2181		2192		112
2192		2194		113
2194		2206		114
2206		2222		115
2222		2256		116
2256		2278		117
2278		2292		118
2292		2288		118
2288		2281		118
2281		2283		119
2283		2286		120
2286		2296		121
2296		2306		122
2306		2330		123
2330		2354		124
2354		2374		125
2374		2364		125
2364		2361		125
2361		2376		126
2376		2433		127
2433		2487		128
2487		2532		129
2532		2550		130
2550		2565		131
2565		2570		132
2570		2574		133
2574		2578		134
2578		2590		135
2590		2603		136
2603		2617		137
2617		2615		137
2615		2613		137
2613		2604		137
2604		2603		137
2603		2605		138
2605		2612		139
2612		2614		140
2614		2588		140
2588		2580		140
2580		2579		140
2579		2602		141
2602		2607		142
2607		2611		143
2611		2617		144
2617		2625		145
2625		2634		146
2634		2647		147
2647		2672		148
2672		2698		149
2698		2718		150
2718		2729		151
2729		2740		152
2740		2751		153
2751		2759		154
2759		2759		154
2759		2761		155
2761		2757		155
2757		2763		156
2763		2769		157
2769		2772		158
2772		2775		159
2775		2776		160
2776		2784		161
2784		2787		162
2787		2795		163
2795		2811		164
2811		2835		165
2835		2879		166
2879		2916		167
2916		2955		168
2955		2969		169
2969		2995		170
2995		3012		171
3012		3032		172
3032		3040		173
3040		3047		174
3047		3055		175
3055		3059		176
3059		3065		177
3065		3068		178
3068		3069		179
3069		3065		179
3065		3067		180
3067		3074		181
3074		3086		182
3086		3072		182
3072		3058		182
3058		3050		182
3050		3061		183
3061		3074		184
3074		3079		185
3079		3097		186
3097		3121		187
3121		3123		188
3123		3116		188
3116		3103		188
3103		3093		188
3093		3082		188
3082		3063		188
3063		3026		188
3026		2990		188
2990		2973		188
2973		2993		189
2993		3009		190
3009		3008		190
3008		3014		191
3014		3026		192
3026		3042		193
3042		3057		194
3057		3066		195
3066		3083		196
3083		3113		197
3113		3145		198
3145		3174		199
3174		3184		200
3184		3193		201
3193		3217		202
3217		3241		203
3241		3266		204
3266		3273		205
3273		3280		206
3280		3285		207
3285		3296		208
3296		3323		209
3323		3351		210
3351		3371		211
3371		3372		212
3372		3388		213
3388		3393		214
3393		3401		215
3401		3399		215
3399		3410		216
3410		3422		217
3422		3443		218
3443		3465		219
3465		3486		220
3486		3520		221
3520		3575		222
3575		3631		223
3631		3639		224
3639		3621		224
3621		3618		224
3618		3635		225
3635		3666		226
3666		3679		227
3679		3694		228
3694		3704		229
3704		3717		230
3717		3729		231
3729		3748		232
3748		3767		233
3767		3782		234
3782		3808		235
3808		3843		236
3843		3881		237
3881		3902		238
3902		3918		239
3918		3934		240
3934		3940		241
3940		3950		242
3950		3960		243
3960		3979		244
3979		3989		245
3989		4004		246
4004		4029		247
4029		4085		248
4085		4136		249
4136		4173		250
4173		4180		251
4180		4189		252
4189		4187		252
4187		4184		252
4184		4179		252
4179		4194		253
4194		4209		254
4209		4225		255
4225		4240		256
4240		4255		257
4255		4269		258
4269		4281		259
4281		4293		260
4293		4311		261
4311		4339		262
4339		4370		263
4370		4395		264
4395		4402		265
4402		4406		266
4406		4410		267
4410		4426		268
4426		4429		269
4429		4432		270
4432		4423		270
4423		4436		271
4436		4453		272
4453		4473		273
4473		4495		274
4495		4542		275
4542		4593		276
4593		4639		277
4639		4664		278
4664		4691		279
4691		4725		280
4725		4756		281
4756		4773		282
4773		4779		283
4779		4787		284
4787		4802		285
4802		4827		286
4827		4850		287
4850		4870		288
4870		4887		289
4887		4900		290
4900		4915		291
4915		4919		292
4919		4927		293
4927		4928		294
4928		4943		295
4943		4953		296
4953		4961		297
4961		4957		297
4957		4958		298
4958		4967		299
4967		4973		300
4973		4976		301
4976		4992		302
4992		4987		302
4987		4965		302
4965		4931		302
4931		4923		302
4923		4930		303
4930		4936		304
4936		4943		305
4943		4951		306
4951		4964		307
4964		4975		308
4975		4989		309
4989		4997		310
4997		5002		311
5002		5003		312
5003		5004		313
5004		5010		314
5010		5039		315
5039		5071		316
5071		5119		317
5119		5148		318
5148		5174		319
5174		5176		320
5176		5175		320
5175		5180		321
5180		5191		322
5191		5199		323
5199		5203		324
5203		5226		325
5226		5254		326
5254		5290		327
5290		5304		328
5304		5332		329
5332		5350		330
5350		5373		331
5373		5388		332
5388		5404		333
5404		5417		334
5417		5424		335
5424		5440		336
5440		5445		337
5445		5444		337
5444		5434		337
5434		5436		338
5436		5417		338
5417		5394		338
5394		5361		338
5361		5346		338
5346		5338		338
5338		5355		339
5355		5381		340
5381		5417		341
5417		5439		342
5439		5446		343
5446		5436		343
5436		5436		343
5436		5452		344
5452		5468		345
5468		5483		346
5483		5492		347
5492		5504		348
5504		5508		349
5508		5517		350
5517		5526		351
5526		5511		351
5511		5507		351
5507		5507		351
5507		5534		352
5534		5548		353
5548		5591		354
5591		5635		355
5635		5681		356
5681		5698		357
5698		5706		358
5706		5708		359
5708		5700		359
5700		5700		359
5700		5703		360
5703		5716		361
5716		5723		362
5723		5734		363
5734		5745		364
5745		5767		365
5767		5794		366
5794		5818		367
5818		5812		367
5812		5821		368
5821		5838		369
5838		5874		370
5874		5895		371
5895		5909		372
5909		5924		373
5924		5936		374
5936		5948		375
5948		5964		376
5964		5981		377
5981		5997		378
5997		6010		379
6010		6022		380
6022		6053		381
6053		6093		382
6093		6130		383
6130		6154		384
6154		6171		385
6171		6181		386
6181		6167		386
6167		6154		386
6154		6145		386
6145		6146		387
6146		6145		387
6145		6172		388
6172		6187		389
6187		6201		390
6201		6187		390
6187		6192		391
6192		6210		392
6210		6228		393
6228		6255		394
6255		6272		395
6272		6289		396
6289		6304		397
6304		6314		398
6314		6349		399
6349		6377		400
6377		6426		401
6426		6451		402
6451		6474		403
6474		6485		404
6485		6493		405
6493		6508		406
6508		6519		407
6519		6556		408
6556		6591		409
6591		6630		410
6630		6647		411
6647		6677		412
6677		6693		413
6693		6707		414
6707		6705		414
6705		6710		415
6710		6718		416
6718		6729		417
6729		6738		418
6738		6744		419
6744		6761		420
6761		6778		421
6778		6795		422
6795		6792		422
6792		6789		422
6789		6771		422
6771		6766		422
6766		6762		422
6762		6784		423
6784		6808		424
6808		6834		425
6834		6856		426
6856		6869		427
6869		6883		428
6883		6890		429
6890		6906		430
6906		6940		431
6940		6981		432
6981		7013		433
7013		7023		434
7023		7026		435
7026		7035		436
7035		7046		437
7046		7061		438
7061		7070		439
7070		7080		440
7080		7087		441
7087		7085		441
7085		7081		441
7081		7079		441
7079		7092		442
7092		7108		443
7108		7119		444
7119		7139		445
7139		7148		446
7148		7176		447
7176		7191		448
7191		7216		449
7216		7226		450
7226		7243		451
7243		7262		452
7262		7279		453
7279		7289		454
7289		7278		454
7278		7259		454
7259		7228		454
7228		7229		455
7229		7238		456
7238		7257		457
7257		7260		458
7260		7258		458
7258		7256		458
7256		7257		459
7257		7264		460
7264		7282		461
7282		7322		462
7322		7369		463
7369		7413		464
7413		7429		465
7429		7439		466
7439		7464		467
7464		7496		468
7496		7533		469
7533		7573		470
7573		7609		471
7609		7640		472
7640		7659		473
7659		7682		474
7682		7710		475
7710		7755		476
7755		7791		477
7791		7818		478
7818		7823		479
7823		7814		479
7814		7823		480
7823		7838		481
7838		7873		482
7873		7892		483
7892		7898		484
7898		7901		485
7901		7932		486
7932		7961		487
7961		8005		488
8005		8054		489
8054		8079		490
8079		8089		491
8089		8074		491
8074		8091		492
8091		8111		493
8111		8128		494
8128		8137		495
8137		8147		496
8147		8172		497
8172		8200		498
8200		8227		499
8227		8242		500
8242		8251		501
8251		8260		502
8260		8300		503
8300		8344		504
8344		8387		505
8387		8391		506
8391		8396		507
8396		8403		508
8403		8412		509
8412		8430		510
8430		8464		511
8464		8496		512
8496		8517		513
8517		8520		514
8520		8523		515
8523		8526		516
8526		8533		517
8533		8544		518
8544		8584		519
8584		8625		520
8625		8677		521
8677		8700		522
8700		8723		523
8723		8753		524
8753		8772		525
8772		8784		526
8784		8806		527
8806		8839		528
8839		8895		529
8895		8910		530
8910		8925		531
8925		8904		531
8904		8896		531
8896		8888		531
8888		8905		532
8905		8918		533
8918		8931		534
8931		8936		535
8936		8959		536
8959		8983		537
8983		9011		538
9011		9007		538
9007		9005		538
9005		8995		538
8995		9000		539
9000		9002		540
9002		9011		541
9011		9019		542
9019		9028		543
9028		9034		544
9034		9040		545
9040		9048		546
9048		9071		547
9071		9102		548
9102		9131		549
9131		9143		550
9143		9147		551
9147		9148		552
9148		9149		553
9149		9159		554
9159		9166		555
9166		9169		556
9169		9174		557
9174		9185		558
9185		9200		559
9200		9202		560
9202		9208		561
9208		9215		562
9215		9224		563
9224		9230		564
9230		9241		565
9241		9237		565
9237		9234		565
9234		9227		565
9227		9258		566
9258		9286		567
9286		9324		568
9324		9341		569
9341		9348		570
9348		9358		571
9358		9366		572
9366		9385		573
9385		9387		574
9387		9393		575
9393		9400		576
9400		9409		577
9409		9415		578
9415		9421		579
9421		9442		580
9442		9464		581
9464		9509		582
9509		9551		583
9551		9593		584
9593		9611		585
9611		9626		586
9626		9639		587
9639		9629		587
9629		9621		587
9621		9614		587
9614		9633		588
9633		9641		589
9641		9651		590
9651		9672		591
9672		9693		592
9693		9700		593
9700		9695		593
9695		9707		594
9707		9731		595
9731		9755		596
9755		9764		597
9764		9774		598
9774		9781		599
9781		9794		600
9794		9807		601
9807		9815		602
9815		9816		603
9816		9823		604
9823		9835		605
9835		9866		606
9866		9885		607
9885		9920		608
9920		9940		609
9940		9998		610
9998		10040		611
10040		10077		612
10077		10080		613
10080		10085		614
10085		10091		615
10091		10100		616
10100		10112		617
10112		10123		618
10123		10132		619
10132		10136		620
10136		10143		621
10143		10149		622
10149		10163		623
10163		10180		624
10180		10186		625
10186		10184		625
10184		10208		626
10208		10231		627
10231		10262		628
10262		10265		629
10265		10299		630
10299		10330		631
10330		10366		632
10366		10383		633
10383		10395		634
10395		10400		635
10400		10409		636
10409		10419		637
10419		10428		638
10428		10442		639
10442		10448		640
10448		10453		641
10453		10449		641
10449		10453		642
10453		10455		643
10455		10469		644
10469		10487		645
10487		10507		646
10507		10515		647
10515		10525		648
10525		10540		649
10540		10557		650
10557		10572		651
10572		10586		652
10586		10598		653
10598		10606		654
10606		10610		655
10610		10620		656
10620		10596		656
10596		10573		656
10573		10550		656
10550		10564		657
10564		10577		658
10577		10592		659
10592		10606		660
10606		10620		661
10620		10626		662
10626		10633		663
10633		10626		663
10626		10620		663
10620		10625		664
10625		10680		665
10680		10731		666
10731		10774		667
10774		10775		668
10775		10785		669
10785		10791		670
10791		10806		671
10806		10815		672
10815		10821		673
10821		10829		674
10829		10834		675
10834		10842		676
10842		10846		677
10846		10857		678
10857		10865		679
10865		10891		680
10891		10913		681
10913		10939		682
10939		10946		683
10946		10953		684
10953		10957		685
10957		10962		686
10962		10970		687
10970		10994		688
10994		11018		689
11018		11042		690
11042		11049		691
11049		11072		692
11072		11097		693
11097		11122		694
11122		11136		695
11136		11181		696
11181		11226		697
11226		11265		698
11265		11238		698
11238		11238		698
11238		11243		699
11243		11275		700
11275		11285		701
11285		11298		702
11298		11314		703
11314		11328		704
11328		11340		705
11340		11353		706
11353		11374		707
11374		11389		708
11389		11403		709
11403		11416		710
11416		11456		711
11456		11501		712
11501		11544		713
11544		11562		714
11562		11581		715
11581		11597		716
11597		11607		717
11607		11611		718
11611		11629		719
11629		11665		720
11665		11701		721
11701		11718		722
11718		11721		723
11721		11735		724
11735		11749		725
11749		11769		726
11769		11788		727
11788		11823		728
11823		11862		729
11862		11891		730
11891		11909		731
11909		11931		732
11931		11958		733
11958		11980		734
11980		11991		735
11991		12003		736
12003		12022		737
12022		12044		738
12044		12056		739
12056		12070		740
12070		12078		741
12078		12090		742
12090		12101		743
12101		12114		744
12114		12127		745
12127		12132		746
12132		12143		747
12143		12155		748
12155		12185		749
12185		12215		750
12215		12244		751
12244		12255		752
12255		12259		753
12259		12260		754
12260		12267		755
12267		12280		756
12280		12305		757
12305		12322		758
12322		12332		759
12332		12323		759
12323		12316		759
12316		12306		759
12306		12306		759
12306		12306		759
12306		12315		760
12315		12324		761
12324		12342		762
12342		12354		763
12354		12385		764
12385		12407		765
12407		12427		766
12427		12437		767
12437		12449		768
12449		12464		769
12464		12444		769
12444		12426		769
12426		12410		769
12410		12414		770
12414		12415		771
12415		12415		771
12415		12422		772
12422		12451		773
12451		12479		774
12479		12506		775
12506		12510		776
12510		12520		777
12520		12530		778
12530		12550		779
12550		12565		780
12565		12578		781
12578		12568		781
12568		12554		781
12554		12542		781
12542		12546		782
12546		12557		783
12557		12568		784
12568		12577		785
12577		12582		786
12582		12590		787
12590		12600		788
12600		12612		789
12612		12631		790
12631		12650		791
12650		12658		792
12658		12658		792
12658		12657		792
12657		12669		793
12669		12668		793
12668		12670		794
12670		12668		794
12668		12698		795
12698		12720		796
12720		12743		797
12743		12733		797
12733		12724		797
12724		12722		797
12722		12747		798
12747		12774		799
12774		12795		800
12795		12803		801
12803		12816		802
12816		12830		803
12830		12842		804
12842		12855		805
12855		12864		806
12864		12873		807
12873		12883		808
12883		12891		809
12891		12899		810
12899		12900		811
12900		12903		812
12903		12907		813
12907		12911		814
12911		12915		815
12915		12921		816
12921		12941		817
12941		12962		818
12962		12977		819
12977		12990		820
12990		13004		821
13004		13022		822
13022		13026		823
13026		13028		824
13028		13030		825
13030		13034		826
13034		13039		827
13039		13056		828
13056		13074		829
13074		13091		830
13091		13091		830
13091		13097		831
13097		13106		832
13106		13121		833
13121		13130		834
13130		13141		835
13141		13153		836
13153		13181		837
13181		13214		838
13214		13247		839
13247		13266		840
13266		13277		841
13277		13283		842
13283		13307		843
13307		13330		844
13330		13347		845
13347		13343		845
13343		13345		846
13345		13358		847
13358		13388		848
13388		13413		849
13413		13441		850
13441		13465		851
13465		13484		852
13484		13497		853
13497		13495		853
13495		13502		854
13502		13511		855
13511		13522		856
13522		13535		857
13535		13547		858
13547		13561		859
13561		13565		860
13565		13575		861
13575		13596		862
13596		13619		863
13619		13657		864
13657		13685		865
13685		13705		866
13705		13719		867
13719		13732		868
13732		13753		869
13753		13772		870
13772		13774		871
13774		13784		872
13784		13795		873
13795		13836		874
13836		13869		875
13869		13890		876
13890		13896		877
13896		13902		878
13902		13909		879
13909		13917		880
13917		13923		881
13923		13920		881
13920		13916		881
13916		13916		881
13916		13916		881
13916		13918		882
13918		13918		882
13918		13934		883
13934		13952		884
13952		13946		884
13946		13937		884
13937		13932		884
13932		13951		885
13951		13962		886
13962		13990		887
13990		14018		888
14018		14044		889
14044		14059		890
14059		14066		891
14066		14076		892
14076		14077		893
14077		14086		894
14086		14103		895
14103		14117		896
14117		14132		897
14132		14138		898
14138		14152		899
14152		14167		900
14167		14184		901
14184		14182		901
14182		14179		901
14179		14163		901
14163		14164		902
14164		14198		903
14198		14245		904
14245		14284		905
14284		14289		906
14289		14301		907
14301		14315		908
14315		14330		909
14330		14336		910
14336		14347		911
14347		14355		912
14355		14382		913
14382		14422		914
14422		14464		915
14464		14487		916
14487		14491		917
14491		14495		918
14495		14501		919
14501		14499		919
14499		14512		920
14512		14503		920
14503		14501		920
14501		14486		920
14486		14491		921
14491		14500		922
14500		14508		923
14508		14518		924
14518		14525		925
14525		14531		926
14531		14546		927
14546		14537		927
14537		14531		927
14531		14514		927
14514		14522		928
14522		14524		929
14524		14539		930
14539		14552		931
14552		14593		932
14593		14629		933
14629		14670		934
14670		14678		935
14678		14691		936
14691		14706		937
14706		14747		938
14747		14775		939
14775		14796		940
14796		14811		941
14811		14831		942
14831		14851		943
14851		14875		944
14875		14897		945
14897		14919		946
14919		14918		946
14918		14915		946
14915		14912		946
14912		14914		947
14914		14915		948
14915		14911		948
14911		14923		949
14923		14950		950
14950		14983		951
14983		15010		952
15010		15023		953
15023		15049		954
15049		15064		955
15064		15085		956
15085		15094		957
15094		15120		958
15120		15119		958
15119		15106		958
15106		15079		958
15079		15076		958
15076		15096		959
15096		15117		960
15117		15137		961
15137		15149		962
15149		15175		963
15175		15196		964
15196		15213		965
15213		15226		966
15226		15241		967
15241		15255		968
15255		15263		969
15263		15278		970
15278		15291		971
15291		15300		972
15300		15313		973
15313		15334		974
15334		15344		975
15344		15370		976
15370		15396		977
15396		15437		978
15437		15447		979
15447		15452		980
15452		15428		980
15428		15424		980
15424		15405		980
15405		15430		981
15430		15466		982
15466		15527		983
15527		15571		984
15571		15593		985
15593		15636		986
15636		15676		987
15676		15708		988
15708		15712		989
15712		15716		990
15716		15756		991
15756		15786		992
15786		15816		993
15816		15828		994
15828		15867		995
15867		15909		996
15909		15938		997
15938		15946		998
15946		15951		999
15951		15954		1000
15954		15959		1001
15959		15964		1002
15964		15964		1002
15964		15964		1002
15964		15964		1002
15964		15971		1003
15971		15980		1004
15980		15980		1004
15980		15985		1005
15985		15980		1005
15980		15985		1006
15985		15983		1006
15983		15987		1007
15987		15990		1008
15990		15994		1009
15994		15998		1010
15998		16002		1011
16002		15998		1011
15998		15994		1011
15994		15991		1011
15991		15995		1012
15995		15999		1013
15999		16004		1014
16004		16009		1015
16009		16012		1016
16012		16013		1017
16013		16016		1018
16016		16019		1019
16019		16019		1019
16019		16017		1019
16017		16023		1020
16023		16032		1021
16032		16041		1022
16041		16029		1022
16029		16012		1022
16012		15995		1022
15995		15995		1022
15995		16007		1023
16007		16049		1024
16049		16089		1025
16089		16113		1026
16113		16107		1026
16107		16110		1027
16110		16125		1028
16125		16145		1029
16145		16182		1030
16182		16191		1031
16191		16198		1032
16198		16179		1032
16179		16167		1032
16167		16155		1032
16155		16145		1032
16145		16145		1032
16145		16150		1033
16150		16151		1034
16151		16160		1035
16160		16161		1036
16161		16164		1037
16164		16150		1037
16150		16136		1037
16136		16124		1037
16124		16137		1038
16137		16171		1039
16171		16205		1040
16205		16231		1041
16231		16237		1042
16237		16234		1042
16234		16248		1043
16248		16259		1044
16259		16309		1045
16309		16361		1046
16361		16415		1047
16415		16438		1048
16438		16442		1049
16442		16455		1050
16455		16470		1051
16470		16485		1052
16485		16495		1053
16495		16479		1053
16479		16463		1053
16463		16449		1053
16449		16472		1054
16472		16495		1055
16495		16477		1055
16477		16449		1055
16449		16421		1055
16421		16430		1056
16430		16435		1057
16435		16446		1058
16446		16458		1059
16458		16470		1060
16470		16474		1061
16474		16477		1062
16477		16481		1063
16481		16487		1064
16487		16488		1065
16488		16498		1066
16498		16509		1067
16509		16524		1068
16524		16527		1069
16527		16526		1069
16526		16531		1070
16531		16531		1070
16531		16534		1071
16534		16531		1071
16531		16550		1072
16550		16562		1073
16562		16580		1074
16580		16583		1075
16583		16605		1076
16605		16622		1077
16622		16639		1078
16639		16658		1079
16658		16682		1080
16682		16729		1081
16729		16763		1082
16763		16805		1083
16805		16844		1084
16844		16886		1085
16886		16921		1086
16921		16940		1087
16940		16957		1088
16957		16972		1089
16972		16994		1090
16994		17014		1091
17014		17022		1092
17022		17025		1093
17025		17030		1094
17030		17049		1095
17049		17082		1096
17082		17115		1097
17115		17146		1098
17146		17167		1099
17167		17190		1100
17190		17207		1101
17207		17235		1102
17235		17257		1103
17257		17288		1104
17288		17298		1105
17298		17310		1106
17310		17322		1107
17322		17335		1108
17335		17350		1109
17350		17353		1110
17353		17355		1111
17355		17356		1112
17356		17372		1113
17372		17389		1114
17389		17401		1115
17401		17401		1115
17401		17402		1116
17402		17411		1117
17411		17453		1118
17453		17488		1119
17488		17523		1120
17523		17525		1121
17525		17533		1122
17533		17545		1123
17545		17563		1124
17563		17582		1125
17582		17608		1126
17608		17650		1127
17650		17694		1128
17694		17723		1129
17723		17730		1130
17730		17735		1131
17735		17740		1132
17740		17749		1133
17749		17765		1134
17765		17806		1135
17806		17859		1136
17859		17910		1137
17910		17945		1138
17945		17965		1139
17965		17986		1140
17986		18019		1141
18019		18054		1142
18054		18083		1143
18083		18096		1144
18096		18099		1145
18099		18100		1146
18100		18098		1146
18098		18105		1147
18105		18138		1148
18138		18177		1149
18177		18215		1150
18215		18228		1151
18228		18233		1152
18233		18241		1153
18241		18249		1154
18249		18257		1155
18257		18249		1155
18249		18243		1155
18243		18224		1155
18224		18218		1155
18218		18219		1156
18219		18237		1157
18237		18264		1158
18264		18302		1159
18302		18341		1160
18341		18371		1161
18371		18377		1162
18377		18369		1162
18369		18366		1162
18366		18362		1162
18362		18369		1163
18369		18372		1164
18372		18385		1165
18385		18390		1166
18390		18394		1167
18394		18405		1168
18405		18423		1169
18423		18435		1170
18435		18434		1170
18434		18438		1171
18438		18445		1172
18445		18456		1173
18456		18461		1174
18461		18469		1175
18469		18473		1176
18473		18477		1177
18477		18491		1178
18491		18522		1179
18522		18553		1180
18553		18574		1181
18574		18576		1182
18576		18593		1183
18593		18625		1184
18625		18661		1185
18661		18687		1186
18687		18697		1187
18697		18705		1188
18705		18708		1189
18708		18715		1190
18715		18726		1191
18726		18737		1192
18737		18745		1193
18745		18739		1193
18739		18746		1194
18746		18753		1195
18753		18772		1196
18772		18778		1197
18778		18785		1198
18785		18788		1199
18788		18813		1200
18813		18814		1201
18814		18841		1202
18841		18850		1203
18850		18882		1204
18882		18914		1205
18914		18963		1206
18963		19025		1207
19025		19065		1208
19065		19092		1209
19092		19118		1210
19118		19144		1211
19144		19167		1212
19167		19177		1213
19177		19202		1214
19202		19233		1215
19233		19260		1216
19260		19270		1217
19270		19293		1218
19293		19321		1219
19321		19339		1220
19339		19335		1220
19335		19328		1220
19328		19333		1221
19333		19339		1222
19339		19364		1223
19364		19388		1224
19388		19411		1225
19411		19417		1226
19417		19427		1227
19427		19427		1227
19427		19427		1227
19427		19432		1228
19432		19443		1229
19443		19455		1230
19455		19468		1231
19468		19490		1232
19490		19522		1233
19522		19541		1234
19541		19570		1235
19570		19585		1236
19585		19627		1237
19627		19656		1238
19656		19688		1239
19688		19673		1239
19673		19663		1239
19663		19664		1240
19664		19687		1241
19687		19694		1242
19694		19702		1243
19702		19710		1244
19710		19758		1245
19758		19794		1246
19794		19852		1247
19852		19878		1248
19878		19907		1249
19907		19917		1250
19917		19927		1251
19927		19936		1252
19936		19945		1253
19945		19949		1254
19949		19916		1254
19916		19884		1254
19884		19868		1254
19868		19893		1255
19893		19914		1256
19914		19923		1257
19923		19928		1258
19928		19931		1259
19931		19937		1260
19937		19946		1261
19946		19958		1262
19958		19964		1263
19964		19974		1264
19974		19983		1265
19983		19997		1266
19997		20020		1267
20020		20047		1268
20047		20091		1269
20091		20117		1270
20117		20146		1271
20146		20144		1271
20144		20138		1271
20138		20123		1271
20123		20127		1272
20127		20138		1273
20138		20163		1274
20163		20191		1275
20191		20221		1276
20221		20239		1277
20239		20256		1278
20256		20234		1278
20234		20218		1278
20218		20195		1278
20195		20217		1279
20217		20233		1280
20233		20243		1281
20243		20238		1281
20238		20238		1281
20238		20244		1282
20244		20282		1283
20282		20310		1284
20310		20322		1285
20322		20304		1285
20304		20305		1286
20305		20322		1287
20322		20341		1288
20341		20370		1289
20370		20418		1290
20418		20467		1291
20467		20502		1292
20502		20523		1293
20523		20558		1294
20558		20583		1295
20583		20617		1296
20617		20642		1297
20642		20656		1298
20656		20655		1298
20655		20656		1299
20656		20680		1300
20680		20664		1300
20664		20631		1300
20631		20588		1300
20588		20584		1300
20584		20572		1300
20572		20558		1300
20558		20539		1300
20539		20537		1300
20537		20563		1301
20563		20613		1302
20613		20669		1303
20669		20689		1304
20689		20706		1305
20706		20740		1306
20740		20787		1307
20787		20824		1308
20824		20845		1309
20845		20859		1310
20859		20875		1311
20875		20888		1312
20888		20901		1313
20901		20906		1314
20906		20909		1315
20909		20915		1316
20915		20921		1317
20921		20932		1318
20932		20947		1319
20947		20981		1320
20981		21012		1321
21012		21039		1322
21039		21058		1323
21058		21068		1324
21068		21080		1325
21080		21081		1326
21081		21081		1326
21081		21095		1327
21095		21121		1328
21121		21156		1329
21156		21206		1330
21206		21246		1331
21246		21287		1332
21287		21304		1333
21304		21321		1334
21321		21331		1335
21331		21333		1336
21333		21331		1336
21331		21349		1337
21349		21367		1338
21367		21388		1339
21388		21393		1340
21393		21399		1341
21399		21431		1342
21431		21463		1343
21463		21503		1344
21503		21516		1345
21516		21528		1346
21528		21531		1347
21531		21543		1348
21543		21565		1349
21565		21568		1350
21568		21575		1351
21575		21576		1352
21576		21596		1353
21596		21604		1354
21604		21616		1355
21616		21639		1356
21639		21661		1357
21661		21683		1358
21683		21710		1359
21710		21737		1360
21737		21748		1361
21748		21743		1361
21743		21745		1362
21745		21756		1363
21756		21761		1364
21761		21759		1364
21759		21756		1364
21756		21759		1365
21759		21764		1366
21764		21767		1367
21767		21759		1367
21759		21747		1367
21747		21739		1367
21739		21754		1368
21754		21756		1369
21756		21754		1369
21754		21740		1369
21740		21747		1370
21747		21749		1371
21749		21758		1372
21758		21762		1373
21762		21773		1374
21773		21777		1375
21777		21780		1376
21780		21783		1377
21783		21800		1378
21800		21836		1379
21836		21874		1380
21874		21896		1381
21896		21900		1382
21900		21906		1383
21906		21921		1384
21921		21929		1385
21929		21936		1386
21936		21938		1387
21938		21947		1388
21947		21962		1389
21962		21975		1390
21975		21992		1391
21992		21987		1391
21987		21982		1391
21982		21978		1391
21978		21988		1392
21988		21998		1393
21998		22015		1394
22015		22012		1394
22012		22012		1394
22012		21999		1394
21999		22015		1395
22015		22029		1396
22029		22045		1397
22045		22055		1398
22055		22059		1399
22059		22064		1400
22064		22072		1401
22072		22092		1402
22092		22113		1403
22113		22127		1404
22127		22135		1405
22135		22145		1406
22145		22157		1407
22157		22165		1408
22165		22179		1409
22179		22192		1410
22192		22212		1411
22212		22238		1412
22238		22260		1413
22260		22281		1414
22281		22287		1415
22287		22319		1416
22319		22353		1417
22353		22394		1418
22394		22429		1419
22429		22459		1420
22459		22481		1421
22481		22484		1422
22484		22487		1423
22487		22493		1424
22493		22522		1425
22522		22558		1426
22558		22585		1427
22585		22596		1428
22596		22600		1429
22600		22615		1430
22615		22628		1431
22628		22641		1432
22641		22668		1433
22668		22705		1434
22705		22742		1435
22742		22760		1436
22760		22765		1437
22765		22774		1438
22774		22795		1439
22795		22816		1440
22816		22837		1441
22837		22848		1442
22848		22861		1443
22861		22904		1444
22904		22945		1445
22945		22956		1446
22956		22950		1446
22950		22927		1446
22927		22934		1447
22934		22924		1447
22924		22930		1448
22930		22946		1449
22946		22959		1450
22959		22979		1451
22979		22990		1452
22990		23002		1453
23002		22995		1453
22995		23012		1454
23012		23012		1454
23012		23021		1455
23021		23007		1455
23007		23014		1456
23014		23046		1457
23046		23077		1458
23077		23101		1459
23101		23112		1460
23112		23121		1461
23121		23160		1462
23160		23210		1463
23210		23257		1464
23257		23279		1465
23279		23281		1466
23281		23285		1467
23285		23295		1468
23295		23322		1469
23322		23350		1470
23350		23362		1471
23362		23352		1471
23352		23343		1471
23343		23340		1471
23340		23363		1472
23363		23376		1473
23376		23388		1474
23388		23394		1475
23394		23408		1476
23408		23438		1477
23438		23452		1478
23452		23472		1479
23472		23481		1480
23481		23512		1481
23512		23542		1482
23542		23572		1483
23572		23580		1484
23580		23585		1485
23585		23593		1486
23593		23584		1486
23584		23584		1486
23584		23581		1486
23581		23595		1487
23595		23594		1487
23594		23595		1488
23595		23591		1488
23591		23581		1488
23581		23578		1488
23578		23578		1488
23578		23589		1489
23589		23592		1490
23592		23598		1491
23598		23606		1492
23606		23614		1493
23614		23621		1494
23621		23644		1495
23644		23664		1496
23664		23685		1497
23685		23677		1497
23677		23674		1497
23674		23668		1497
23668		23672		1498
23672		23669		1498
23669		23668		1498
23668		23681		1499
23681		23698		1500
23698		23710		1501
23710		23728		1502
23728		23735		1503
23735		23745		1504
23745		23735		1504
23735		23734		1504
23734		23737		1505
23737		23740		1506
23740		23747		1507
23747		23756		1508
23756		23774		1509
23774		23780		1510
23780		23784		1511
23784		23781		1511
23781		23803		1512
23803		23824		1513
23824		23858		1514
23858		23878		1515
23878		23898		1516
23898		23906		1517
23906		23909		1518
23909		23909		1518
23909		23897		1518
23897		23896		1518
23896		23902		1519
23902		23917		1520
23917		23923		1521
23923		23902		1521
23902		23877		1521
23877		23847		1521
23847		23843		1521
23843		23848		1522
23848		23857		1523
23857		23862		1524
23862		23863		1525
23863		23869		1526
23869		23876		1527
23876		23882		1528
23882		23887		1529
23887		23894		1530
23894		23901		1531
23901		23922		1532
23922		23945		1533
23945		23982		1534
23982		24004		1535
24004		24021		1536
24021		24024		1537
24024		24046		1538
24046		24043		1538
24043		24040		1538
24040		24019		1538
24019		24029		1539
24029		24042		1540
24042		24046		1541
24046		24051		1542
24051		24053		1543
24053		24063		1544
24063		24071		1545
24071		24088		1546
24088		24103		1547
24103		24130		1548
24130		24157		1549
24157		24187		1550
24187		24193		1551
24193		24216		1552
24216		24244		1553
24244		24282		1554
24282		24294		1555
24294		24301		1556
24301		24307		1557
24307		24299		1557
24299		24290		1557
24290		24282		1557
24282		24292		1558
24292		24310		1559
24310		24325		1560
24325		24353		1561
24353		24383		1562
24383		24408		1563
24408		24418		1564
24418		24433		1565
24433		24453		1566
24453		24478		1567
24478		24490		1568
24490		24508		1569
24508		24532		1570
24532		24566		1571
24566		24596		1572
24596		24610		1573
24610		24616		1574
24616		24622		1575
24622		24642		1576
24642		24662		1577
24662		24680		1578
24680		24683		1579
24683		24697		1580
24697		24713		1581
24713		24733		1582
24733		24745		1583
24745		24757		1584
24757		24769		1585
24769		24774		1586
24774		24781		1587
24781		24792		1588
24792		24803		1589
24803		24810		1590
24810		24813		1591
24813		24802		1591
24802		24795		1591
24795		24790		1591
24790		24815		1592
24815		24836		1593
24836		24866		1594
24866		24881		1595
24881		24896		1596
24896		24900		1597
24900		24906		1598
24906		24912		1599
24912		24918		1600
24918		24921		1601
24921		24925		1602
24925		24929		1603
24929		24929		1603
24929		24931		1604
24931		24917		1604
24917		24911		1604
24911		24899		1604
24899		24905		1605
24905		24907		1606
24907		24916		1607
24916		24920		1608
24920		24932		1609
24932		24940		1610
24940		24943		1611
24943		24939		1611
24939		24939		1611
24939		24948		1612
24948		24963		1613
24963		24975		1614
24975		24996		1615
24996		24998		1616
24998		25008		1617
25008		25006		1617
25006		25016		1618
25016		25022		1619
25022		25019		1619
25019		25012		1619
25012		25015		1620
25015		25029		1621
25029		25047		1622
25047		25048		1623
25048		25050		1624
25050		25064		1625
25064		25080		1626
25080		25097		1627
25097		25104		1628
25104		25111		1629
25111		25127		1630
25127		25142		1631
25142		25153		1632
25153		25166		1633
25166		25208		1634
25208		25258		1635
25258		25310		1636
25310		25351		1637
25351		25390		1638
25390		25424		1639
25424		25446		1640
25446		25455		1641
25455		25455		1641
25455		25446		1641
25446		25448		1642
25448		25449		1643
25449		25453		1644
25453		25457		1645
25457		25470		1646
25470		25482		1647
25482		25494		1648
25494		25498		1649
25498		25509		1650
25509		25524		1651
25524		25540		1652
25540		25547		1653
25547		25551		1654
25551		25560		1655
25560		25572		1656
25572		25559		1656
25559		25542		1656
25542		25537		1656
25537		25556		1657
25556		25572		1658
25572		25575		1659
25575		25582		1660
25582		25575		1660
25575		25566		1660
25566		25555		1660
25555		25558		1661
25558		25583		1662
25583		25577		1662
25577		25573		1662
25573		25549		1662
25549		25563		1663
25563		25605		1664
25605		25649		1665
25649		25713		1666
25713		25771		1667
25771		25831		1668
25831		25871		1669
25871		25893		1670
25893		25911		1671
25911		25938		1672
25938		25959		1673
25959		25974		1674
25974		25980		1675
25980		25986		1676
25986		25992		1677
25992		26006		1678
26006		26027		1679
26027		26054		1680
26054		26051		1680
26051		26068		1681
26068		26091		1682
